5 3
7 4
5 3
10 1
7 4
6 2
2 2
2 1
1 1
13 13
47 11
38 199
99 77
60 29
9338 655
9281 5432
9073 6941
5814 5618
6838 1172
2606 145
4006 1677
769 3146
5983 2258
6482 8825
1280 9508
9343 9233
625 1900
4056 272
1299 3460
9283 3350
3113 7974
6110 408
8263 6101
2743 6080
8714 2412
7689 8391
4600 9812
3768 9590
4345 2665
2431 9145
166 79
1176 9893
2257 8977
2476 428
1 999999
999999 1
999999 999999
196996 687672
897029 341501
940182 398144
611346 663166
575670 707906
0 0
