2 3
1 2
1 1
799949 799949
866513 866513
430747 430747
392831 392831
441953 441953
888473 888473
964456 964456
32823 32823
863381 863381
595500 595500
542111 949651
245753 373951
948391 770111
596669 61543
952057 340049
1 211933
211933 1
1 512569
512569 1
1 598501
598501 1
1 751759
751759 1
1 502393
502393 1
1 48709
48709 1
1 179522
179522 1
1 394096
394096 1
1 130242
130242 1
1 571729
571729 1
79 6241
6241 79
5 25
25 5
43 1849
1849 43
53 2809
2809 53
17 289
289 17
1024 64
64 1024
216 36
36 216
900 900
900 900
44100 44100
44100 44100
999983 999982
999999 999998
0 0
